0.000000000000000000e+00
4.000833333334508635e-01
8.001666666671036765e-01
1.200250000000756545e+00
1.600333333334409414e+00
2.000416666666898102e+00
2.400499999997604661e+00
2.800583333328312108e+00
3.200666666659019111e+00
3.600722222211948598e+00
4.000805555547312764e+00
4.400888888883912387e+00
4.800972222220510233e+00
5.201055555557109855e+00
5.601138888893707701e+00
6.001222222230307324e+00
6.401305555566905170e+00
6.801361111125726389e+00
7.201444444462325123e+00
7.601527777798923857e+00
8.001611111135522592e+00
8.401694444472122214e+00
8.801777777808720060e+00
9.201861111145319683e+00
9.601944444481917529e+00
1.000200000004073786e+01
1.040208333337733748e+01
1.080216666671393710e+01
1.120225000005053495e+01
1.160233333338713280e+01
1.200241666672373242e+01
1.240250000006033204e+01
1.280258333339692989e+01
1.320266666673352773e+01
1.360272222229234984e+01
1.400280555562894769e+01
1.440288888896554731e+01
1.480297222229832244e+01
1.520305555561135336e+01
1.560313888892438605e+01
1.600322222223741520e+01
1.640330555555044967e+01
1.680336111108570663e+01
1.720344444439873399e+01
1.760352777771176846e+01
1.800361111102479938e+01
1.840369444433783386e+01
1.880377777765086122e+01
1.920386111096389570e+01
1.960394444427692662e+01
2.000402777758996109e+01
2.040408333312521449e+01
2.080416666643824541e+01
2.120424999975127633e+01
2.160433333306431081e+01
2.200441666637734173e+01
2.240449999969037620e+01
2.280458333300340357e+01
2.320466666631643804e+01
2.360472222185169500e+01
2.399999999960941466e+01
