7.868919074327126850e+01
7.866158132074558296e+01
7.867985390357961251e+01
7.868636452359511679e+01
7.868868159164890130e+01
7.868950585908994810e+01
7.868979903674933496e+01
7.868990330927537968e+01
7.868994039446360489e+01
7.868995358343390478e+01
7.868995827465252546e+01
7.868995994309817377e+01
7.868996053648456268e+01
7.868996074752261904e+01
7.868996082258128411e+01
7.868935219443790174e+01
7.758260425456336407e+01
7.557283153704706535e+01
7.349003831399328135e+01
7.251826501064959984e+01
7.202967381097380439e+01
7.177761876320414558e+01
7.164605909859847088e+01
7.157699001060605326e+01
7.154061987507755305e+01
7.152143931685638734e+01
7.151131432734146642e+01
7.150596777623044886e+01
7.150314386370656905e+01
7.150165216652482059e+01
7.150086414603971718e+01
7.150044784372836659e+01
7.150022791205196881e+01
7.150011172150786365e+01
7.150005034044998808e+01
7.150001790936896384e+01
7.150000077578373237e+01
7.149999172397242830e+01
7.199416674532962190e+01
7.392985155502587702e+01
7.638685761008524366e+01
7.779935025065057630e+01
7.836002503158188404e+01
7.857075955302788373e+01
7.864732127861567790e+01
7.867476446513344968e+01
7.868455221630273400e+01
7.868803675644332429e+01
7.868927648591058244e+01
7.868971745505199067e+01
7.868987429396256061e+01
7.868993007281186181e+01
7.868994991302442088e+01
7.868995696926175754e+01
7.868995947883171027e+01
7.868996037136636801e+01
7.868996068879981465e+01
7.868996080169516461e+01
7.868996084184627193e+01
7.868996085612627667e+01
7.868996086117019217e+01
